F-value: 10.312804253884083
P-value: 3.33327373609694e-05
