F-value: 11.080901191193929
P-value: 1.5472051285079228e-05
