F-value: 1.947783107661889
P-value: 0.14260933698711292
