F-value: 33.48051041457279
P-value: 3.0000455216105624e-15
