dail: 16.422913304972862
formal: 19.937365010799137
social: 15.540384615384616