F-value: 2.7954969374554817
P-value: 0.06110172765251739
