F-value: 39.74985224338078
P-value: 5.77509488385764e-18
